3210
3200.0
3
9280
6200.0
1
3600
6500.0
5
4724
8900.0
3
6217
10000.0
2
5217
10000.0
2
3601
11970.0
2
1041
12180.0
4
1062
13240.0
3
2345
15623.0
2
1900
17000.0
2
2112
18125.0
7
1327
19800.0
2
1483
22458.0
8
5200
25000.0
3
1000
30000.0
3
1200
35000.0
2
7000
45500.0
4
5601
51970.0
9
7100
56500.0
3
5724
66900.0
3
5280
70000.0
1
6641
85000.0
7
5000
100000.0
6
5230
120000.0
6
34442.64
1200
35000.0
2
7000
45500.0
4
5601
51970.0
9
7100
56500.0
3
5724
66900.0
3
5280
70000.0
1
6641
85000.0
7
5000
100000.0
6
5230
120000.0
6
19090
3210
3200.0
11170
9280
6200.0
27010
3600
6500.0
19090
4724
8900.0
15130
6217
10000.0
15130
5217
10000.0
15130
3601
11970.0
23050
1041
12180.0
19090
1062
13240.0
34930
2112
18125.0
38890
1483
22458.0
0.44
