1.89
1.99
2.14
2.51
5.03
3.81
1.97
2.31
2.91
3.97
2.68
2.44
33.65
2.80
5.03
1.89
1.89
1.99
2.14
2.51
5.03
3.81
1.97
2.31
2.91
3.97
2.68
2.44
33.65
2.80
5.03
1.89
1.89
1.99
2.14
2.51
5.03
3.81
1.97
2.31
2.91
3.97
2.68
2.44
33.65
2.80
5.03
1.89
1.89
1.99
2.14
2.51
5.03
3.81
1.97
2.31
2.91
3.97
2.68
2.44
33.65
2.80
5.03
1.89
1.89
1.99
2.14
2.51
5.03
3.81
1.97
2.31
2.91
3.97
2.68
2.44
33.65
2.80
5.03
1.89
1.89
1.99
2.14
2.51
5.03
3.81
1.97
2.31
2.91
3.97
2.68
2.44
33.65
2.80
5.03
1.89
